# x-velocity along vertical line with x=0.5 from Ghia 1982
# y u_x@Re=100     400    1000    3200    5000    7500   10000
1.0000  1.0000  1.0000  1.0000  1.0000  1.0000  1.0000  1.0000
0.9766  0.8412  0.7584  0.6593  0.5324  0.4822  0.4724  0.4722
0.9688  0.7887  0.6844  0.5749  0.4830  0.4612  0.4705  0.4778
0.9609  0.7372  0.6176  0.5112  0.4655  0.4599  0.4732  0.4807
0.9531  0.6872  0.5589  0.4660  0.4610  0.4604  0.4717  0.4780
0.8516  0.2315  0.2909  0.3330  0.3468  0.3356  0.3423  0.3464
0.7344  0.0033  0.1626  0.1872  0.1979  0.2009  0.2059  0.2067
0.6172 -0.1364  0.0214  0.0570  0.0716  0.0818  0.0834  0.0834
0.5000 -0.2058 -0.1148 -0.0608 -0.0427 -0.0304 -0.0380 -0.0311
0.4531 -0.2109 -0.1712 -0.1065 -0.8664 -0.0740 -0.0750 -0.0754
0.2813 -0.1566 -0.3273 -0.2781 -0.2443 -0.2286 -0.2318 -0.2319
0.1719 -0.1015 -0.2430 -0.3829 -0.3432 -0.3305 -0.3239 -0.3271
0.1016 -0.0643 -0.1461 -0.2973 -0.4193 -0.4044 -0.3832 -0.3800
0.0703 -0.0478 -0.1034 -0.2222 -0.3783 -0.4364 -0.4303 -0.4166
0.0625 -0.0419 -0.0927 -0.2020 -0.3534 -0.4290 -0.4359 -0.4254
0.0547 -0.0372 -0.0819 -0.1811 -0.3241 -0.4117 -0.4315 -0.4274
0.0000  0.0000  0.0000  0.0000  0.0000  0.0000  0.0000  0.0000
