 5  1 -0.278842
 6  1 -0.268019
 7  1 -0.232372
 8  1 -0.157508
 9  1 -0.0632598
25  1 0.139421
26  1 0.134009
27  1 0.116186
28  1 0.0787541
29  1 0.0316299
 5  2 -0.8
21  2 -0.915953
25  2 0.4
61  2 1
 6  3 -0.8
22  3 -0.915953
26  3 0.4
61  3 1
 7  4 -0.8
23  4 -0.915953
27  4 0.4
61  4 1
 8  5 -0.8
24  5 -0.915953
28  5 0.4
61  5 1
 9  6 -0.8
29  6 0.4
61  6 1
 5  7 0.134462
 6  7 0.117568
 7  7 0.0885926
 8  7 0.0475944
 9  7 0.0117829
 1  8 -0.834182
 5  8 0.4
57  8 1
 2  9 -0.834182
 6  9 0.4
57  9 1
 3 10 -0.834182
 7 10 0.4
57 10 1
 4 11 -0.834182
 8 11 0.4
57 11 1
 9 12 0.4
57 12 1
 1 13 1.26582
 5 13 0.4
10 13 -1.26582
11 13 0.333333
58 13 1
 2 14 1.01266
 6 14 0.4
10 14 -1.01266
12 14 0.333333
58 14 1
 3 15 0.759494
 7 15 0.4
10 15 -0.759494
13 15 0.333333
58 15 1
 4 16 0.506329
 8 16 0.4
10 16 -0.506329
14 16 0.333333
58 16 1
 9 17 0.4
10 17 -0.253165
15 17 0.333333
58 17 1
 1 18 -0.336156
 2 18 -0.29392
 3 18 -0.221481
 4 18 -0.118986
10 18 1
15 19 0.666667
56 19 1
11 20 -0.207176
12 20 -0.214039
13 20 -0.214421
14 20 -0.198677
15 20 -0.165687
16 20 0.124305
17 20 0.128423
18 20 0.128652
19 20 0.119206
20 20 0.0994125
11 21 -1
16 21 0.6
59 21 1
12 22 -1
17 22 0.6
59 22 1
13 23 -1
18 23 0.6
59 23 1
14 24 -1
19 24 0.6
59 24 1
15 25 -1
20 25 0.6
59 25 1
16 26 0.45
36 26 -0.958319
40 26 0.5
64 26 1
17 27 0.45
37 27 -0.958319
41 27 0.5
64 27 1
18 28 0.45
38 28 -0.958319
42 28 0.5
64 28 1
19 29 0.45
39 29 -0.958319
43 29 0.5
64 29 1
20 30 0.45
44 30 0.5
64 30 1
16 31 -0.207099
17 31 -0.2233
18 31 -0.228626
19 31 -0.202453
20 31 -0.138523
25 31 -0.207099
26 31 -0.2233
27 31 -0.228626
28 31 -0.202453
29 31 -0.138523
16 32 -1.05
25 32 -1.05
60 32 1
17 33 -1.05
26 33 -1.05
60 33 1
18 34 -1.05
27 34 -1.05
60 34 1
19 35 -1.05
28 35 -1.05
60 35 1
20 36 -1.05
29 36 -1.05
60 36 1
25 37 0.0814745
26 37 0.0978901
27 37 0.113161
28 37 0.115056
29 37 0.0924191
31 37 0.0905272
32 37 0.108767
33 37 0.125734
34 37 0.127839
35 37 0.102688
21 38 1.5674
25 38 0.65
30 38 -1.5674
31 38 0.722222
62 38 1
22 39 1.25392
26 39 0.65
30 39 -1.25392
32 39 0.722222
62 39 1
23 40 0.940439
27 40 0.65
30 40 -0.940439
33 40 0.722222
62 40 1
24 41 0.626959
28 41 0.65
30 41 -0.626959
34 41 0.722222
62 41 1
29 42 0.65
30 42 -0.31348
35 42 0.722222
62 42 1
21 43 -0.278842
22 43 -0.268019
23 43 -0.232372
24 43 -0.157508
30 43 1
31 44 0.25
46 44 -0.824225
50 44 0.5
66 44 1
32 45 0.25
47 45 -0.824225
51 45 0.5
66 45 1
33 46 0.25
48 46 -0.824225
52 46 0.5
66 46 1
34 47 0.25
49 47 -0.824225
53 47 0.5
66 47 1
35 48 0.25
54 48 0.5
66 48 1
31 49 -0.158163
32 49 -0.194771
33 49 -0.230392
34 49 -0.236285
35 49 -0.18039
40 49 -0.158163
41 49 -0.194771
42 49 -0.230392
43 49 -0.236285
44 49 -0.18039
31 50 -0.972222
40 50 -0.972222
63 50 1
32 51 -0.972222
41 51 -0.972222
63 51 1
33 52 -0.972222
42 52 -0.972222
63 52 1
34 53 -0.972222
43 53 -0.972222
63 53 1
35 54 -0.972222
44 54 -0.972222
63 54 1
40 55 0.0532286
41 55 0.0757454
42 55 0.106103
43 55 0.133388
44 55 0.131535
50 55 -0.106457
51 55 -0.151491
52 55 -0.212206
53 55 -0.266776
54 55 -0.263071
36 56 1.86335
40 56 0.472222
45 56 -1.86335
50 56 -0.944444
65 56 1
37 57 1.49068
41 57 0.472222
45 57 -1.49068
51 57 -0.944444
65 57 1
38 58 1.11801
42 58 0.472222
45 58 -1.11801
52 58 -0.944444
65 58 1
39 59 0.745342
43 59 0.472222
45 59 -0.745342
53 59 -0.944444
65 59 1
44 60 0.472222
45 60 -0.372671
54 60 -0.944444
65 60 1
36 61 -0.206995
37 61 -0.235647
38 61 -0.247567
39 61 -0.207487
45 61 1
46 62 1.86335
50 62 0.444444
55 62 -1.86335
67 62 1
47 63 1.49068
51 63 0.444444
55 63 -1.49068
67 63 1
48 64 1.11801
52 64 0.444444
55 64 -1.11801
67 64 1
49 65 0.745342
53 65 0.444444
55 65 -0.745342
67 65 1
54 66 0.444444
55 66 -0.372671
67 66 1
46 67 -0.144335
47 67 -0.191856
48 67 -0.24215
49 67 -0.254119
55 67 1
