   0 84050  0.906834722842531 3184.047951000000012
   1 140828  0.906834721670094 3965.101212999999916
   2 158782  0.906834721605666 8725.235561999999845
   3 230198  0.906834721530541 16501.528386000001774
   4 320258  0.906834721476372 18215.300853000000643
   5 385470  0.906834721418083 21774.706741000001784
   6 438090  0.906834721389658 25271.607131000000663
   7 462942  0.906834721380828 27951.595711000001756
   8 502434  0.906834721371133 33127.243892999998934
   9 522814  0.906834721367467 36477.579565000000002
   10 552538  0.906834721365696 39634.395656000000599
   11 570310  0.906834721364977 43278.281700999999885
   12 593214  0.906834721364745 47564.244135000000824
   13 654882  0.906834721363022 53225.507492000004277
   14 716338  0.906834721360716 60232.646245000003546
